<<<<<<< HEAD
5
=======
6
>>>>>>> 7f9b133a52ee949c8d552b5c49a6a6862dd72996
50.0
40.0
30.0
50.0
4.0
16770764
50.0
115.0
<<<<<<< HEAD
43.30127018922191
24.999999999999982
=======
51.96152422706625
29.999999999999954
>>>>>>> 7f9b133a52ee949c8d552b5c49a6a6862dd72996
6.0
16711935
50.0
190.0
<<<<<<< HEAD
43.30127018922191
24.999999999999982
6.0
0
50.0
265.0
43.30127018922191
24.999999999999982
6.0
0
50.0
394.0
43.30127018922191
24.999999999999982
6.0
0
=======
40.0
50.0
4.0
11790003
50.0
265.0
40.0
50.0
4.0
16757606
50.0
340.0
40.0
50.0
4.0
16770764
50.0
427.3333333333333
40.0
50.0
4.0
16770764
>>>>>>> 7f9b133a52ee949c8d552b5c49a6a6862dd72996
